1.00000 0.85956 0.59525
1.00000 1.51986 0.17407
1.00000 1.09333 2.07754
1.00000 1.81078 -0.41133
1.00000 -1.04884 0.25799
1.00000 -0.45177 0.64163
1.00000 -0.18226 -0.33551
1.00000 1.04264 -2.07916
1.00000 -0.08595 -2.42640
1.00000 1.37460 0.90894
1.00000 0.06772 -1.39024
1.00000 0.62370 -0.17621
1.00000 0.86839 -2.01673
1.00000 1.69465 0.93404
1.00000 1.06282 -0.91351
1.00000 1.35646 -0.26871
1.00000 0.44650 -1.19192
1.00000 -1.42179 -1.11024
1.00000 -0.35134 1.52560
1.00000 -0.99345 -0.15885
1.00000 -0.41062 -0.37547
1.00000 0.45354 2.00738
1.00000 0.25012 -1.04051
1.00000 0.39872 1.22732
1.00000 -0.18487 -1.23468
1.00000 0.40129 -1.45742
1.00000 0.31431 0.30703
1.00000 -1.85839 -0.22560
1.00000 1.96652 -0.58661
1.00000 0.21565 0.03952
1.00000 -0.43131 0.62118
1.00000 0.45208 -0.15335
1.00000 -0.88507 -0.31815
1.00000 -1.04902 -0.19013
1.00000 -0.31263 0.29237
1.00000 -0.04718 0.64091
1.00000 1.19339 -0.43683
1.00000 0.93109 1.51855
1.00000 0.32233 0.64647
1.00000 0.42192 0.95835
1.00000 -0.39991 -0.69258
1.00000 0.75921 0.86370
1.00000 0.67017 -0.57775
1.00000 1.93306 -1.23493
1.00000 -0.96013 -0.40390
1.00000 0.00375 1.36054
1.00000 -0.57895 -1.07555
1.00000 -0.26294 0.33162
1.00000 -1.72790 0.92918
1.00000 -1.50078 -1.15931
1.00000 -1.16780 -0.41126
1.00000 0.18378 0.28978
1.00000 1.45214 0.54315
1.00000 -0.36520 0.53659
1.00000 -1.10257 -0.00962
1.00000 1.94521 -1.47280
1.00000 -0.53639 1.00956
1.00000 0.50049 -0.21826
1.00000 -0.95142 0.87343
1.00000 0.25143 -0.89389
1.00000 -0.05131 -1.66048
1.00000 0.17675 0.02133
1.00000 0.74247 -0.13208
1.00000 -0.61463 0.20305
1.00000 -0.52076 0.99387
1.00000 0.21411 -1.05706
1.00000 0.47711 0.18085
1.00000 0.38554 -1.14593
1.00000 -0.42850 -1.13191
1.00000 -0.63609 -0.02652
1.00000 0.96571 1.83509
1.00000 -0.77320 -0.78309
1.00000 0.86073 -0.32573
1.00000 1.49606 0.55800
1.00000 1.49885 0.67523
1.00000 1.19817 0.70071
1.00000 0.44513 0.10766
1.00000 0.39732 0.40240
1.00000 -1.30081 0.34584
1.00000 -1.54521 -0.09017
1.00000 0.74084 -0.05702
1.00000 -0.42216 0.43829
1.00000 -1.57571 0.92212
1.00000 0.29764 0.29559
1.00000 0.23106 1.32800
1.00000 -0.26107 -1.14997
1.00000 0.35009 -1.17282
1.00000 0.07642 0.17912
1.00000 -0.50228 0.50891
1.00000 1.52643 0.80180
1.00000 1.96625 -1.02879
1.00000 0.89426 0.11787
1.00000 0.36748 0.43078
1.00000 -1.06029 0.10757
1.00000 -0.20238 -0.56785
1.00000 -0.22839 -0.69619
1.00000 -0.36624 0.63743
1.00000 -1.67453 0.29359
1.00000 0.20854 0.27417
1.00000 0.44361 0.13344
1.00000 -0.88451 -1.05874
1.00000 0.17472 0.34498
1.00000 -0.09833 -0.11963
1.00000 0.42868 -0.52098
1.00000 0.41037 -0.01264
1.00000 0.45946 2.56197
1.00000 -1.02630 -1.45493
1.00000 -1.44813 0.69573
1.00000 -0.06542 0.57607
1.00000 -0.51664 0.94188
1.00000 -0.62934 -0.76141
1.00000 0.49560 -1.53045
1.00000 0.30950 0.45449
1.00000 0.20948 0.10147
1.00000 -0.15982 1.66981
1.00000 0.18371 -0.40764
1.00000 0.12300 0.88123
1.00000 -1.71643 -0.97078
1.00000 2.18556 0.98104
1.00000 -0.69787 -0.09001
1.00000 0.00441 0.56183
1.00000 0.04988 0.79824
1.00000 0.05374 -2.98701
1.00000 -0.16627 0.68143
1.00000 0.94349 -1.38966
1.00000 0.79053 -0.11428
1.00000 -1.60697 1.46431
1.00000 1.09971 -0.41410
1.00000 0.78061 -1.17302
1.00000 -0.32945 -0.30234
1.00000 -0.20296 -0.59234
1.00000 -0.10985 0.02074
1.00000 -1.18959 -0.31370
1.00000 -2.17264 0.81328
1.00000 1.96677 0.16063
1.00000 1.36376 1.86005
1.00000 -0.76589 -1.29086
1.00000 1.04720 0.58485
1.00000 -0.50920 -0.53539
1.00000 -0.94187 -0.09534
1.00000 -1.44155 0.75333
1.00000 0.28461 -0.31949
1.00000 2.11250 2.76223
1.00000 -0.45212 0.16943
1.00000 0.25947 0.13294
1.00000 -0.00816 -0.28619
1.00000 -0.57984 -0.67869
1.00000 -1.76977 -0.67015
1.00000 0.13357 1.13905
1.00000 -0.93089 0.67888
1.00000 0.76501 -1.85147
1.00000 -0.99168 1.30066
1.00000 0.28564 -1.88490
1.00000 0.95270 -0.58199
1.00000 -1.77828 0.04231
1.00000 -0.11229 -0.58906
1.00000 -0.25344 -0.87575
1.00000 0.01262 -0.01724
1.00000 -2.07496 1.44521
1.00000 0.73268 -0.65018
1.00000 0.77263 -0.98786
1.00000 0.64856 -1.45886
1.00000 0.37153 1.53091
1.00000 -0.45636 -0.28522
1.00000 -0.45598 -1.95469
1.00000 -0.22037 -1.37485
1.00000 -0.48634 -0.63802
1.00000 -0.48371 0.93445
1.00000 -0.69847 -0.71405
1.00000 -0.36716 -0.08889
1.00000 0.02337 -0.22991
1.00000 1.72487 1.51215
1.00000 -0.88225 -1.10428
1.00000 -0.22854 0.51195
1.00000 2.63708 -1.92018
1.00000 -0.93740 -0.21007
1.00000 -2.96340 -1.58002
1.00000 -0.34518 0.84612
1.00000 0.68088 -0.63905
1.00000 0.48242 1.20815
1.00000 -1.59977 0.62322
1.00000 -1.02468 1.18824
1.00000 -0.14479 -0.89672
1.00000 0.35373 1.59998
1.00000 -1.44981 -0.57278
1.00000 0.86290 -1.65451
1.00000 -0.51129 0.50483
1.00000 0.09985 0.96390
1.00000 -0.31903 -0.88181
1.00000 0.00838 -0.16937
1.00000 -0.47505 -1.06163
1.00000 -1.02961 0.60006
1.00000 1.34449 -0.07843
1.00000 0.28428 -1.68059
1.00000 0.43044 -0.38859
1.00000 0.88132 0.05404
1.00000 -1.95529 -1.08039
1.00000 0.61789 -0.28471
1.00000 1.04248 -0.71866
1.00000 0.47704 -0.50418
