index	id	test_stat	P-value	time
1	csite_0	0.1302	7.18246e-01	0.53
2	csite_1	27.0127	2.02125e-07	0.73
3	csite_2	10.5102	1.18716e-03	0.36
4	csite_3	3.6078	5.75100e-02	0.26
5	csite_4	0.0000	9.99981e-01	0.54
6	csite_5	0.4609	4.97183e-01	0.37
7	csite_6	3.4576	6.29599e-02	0.32
8	csite_7	7.8392	5.11250e-03	0.30
9	csite_8	3.7408	5.30995e-02	0.33
10	csite_9	11.3574	7.51492e-04	0.48
11	csite_10	0.0933	7.60075e-01	0.45
12	csite_11	14.2017	1.64223e-04	0.26
13	csite_12	1.1828	2.76781e-01	0.33
14	csite_13	0.0005	9.82425e-01	0.45
15	csite_14	2.3553	1.24859e-01	0.34
16	csite_15	0.0899	7.64242e-01	0.66
17	csite_16	0.2122	6.45046e-01	0.55
18	csite_17	7.1072	7.67759e-03	0.36
19	csite_18	0.4328	5.10632e-01	0.65
20	csite_19	0.6311	4.26968e-01	0.45
21	csite_20	5.1631	2.30723e-02	0.27
22	csite_21	0.2544	6.13962e-01	0.30
23	csite_22	3.5973	5.78729e-02	0.29
24	csite_23	0.3913	5.31603e-01	0.40
25	csite_24	0.0000	9.97515e-01	0.57
26	csite_25	0.2875	5.91832e-01	0.34
27	csite_26	0.9048	3.41505e-01	0.24
28	csite_27	0.0726	7.87618e-01	0.57
29	csite_28	3.3737	6.62448e-02	0.32
30	csite_29	1.5450	2.13869e-01	0.32
31	csite_30	2.6430	1.04005e-01	0.36
32	csite_31	1.0696	3.01040e-01	0.42
33	csite_32	18.9294	1.35649e-05	0.25
34	csite_33	10.3717	1.27964e-03	0.45
35	csite_34	0.7852	3.75569e-01	0.47
36	csite_35	4.1141	4.25272e-02	0.49
37	csite_36	7.5242	6.08743e-03	0.38
38	csite_37	0.1728	6.77608e-01	0.92
39	csite_38	2.5355	1.11310e-01	0.32
40	csite_39	2.1217	1.45228e-01	0.36
41	csite_40	2.6559	1.03166e-01	0.40
42	csite_41	4.9969	2.53934e-02	0.42
43	csite_42	3.2408	7.18274e-02	0.47
44	csite_43	1.4308	2.31631e-01	0.42
45	csite_44	2.4087	1.20659e-01	0.42
46	csite_45	3.5543	5.93928e-02	0.61
47	csite_46	0.4578	4.98653e-01	0.37
48	csite_47	0.0017	9.67340e-01	0.63
49	csite_48	5.1092	2.37993e-02	0.38
50	csite_49	1.0966	2.95004e-01	0.56
51	csite_50	0.0059	9.38995e-01	0.63
52	csite_51	0.3646	5.45941e-01	0.41
53	csite_52	3.8501	4.97416e-02	0.28
54	csite_53	0.2941	5.87574e-01	0.36
55	csite_54	3.3555	6.69807e-02	0.36
56	csite_55	0.9995	3.17425e-01	0.31
57	csite_56	2.0567	1.51541e-01	0.39
58	csite_57	0.2526	6.15232e-01	0.60
59	csite_58	0.4743	4.91010e-01	0.28
60	csite_59	11.8700	5.70459e-04	0.44
61	csite_60	0.4103	5.21818e-01	0.37
62	csite_61	0.8953	3.44041e-01	0.52
63	csite_62	12.6645	3.72665e-04	0.48
64	csite_63	8.4396	3.67140e-03	0.36
65	csite_64	0.5891	4.42786e-01	0.30
66	csite_65	2.0305	1.54167e-01	0.35
67	csite_66	0.7752	3.78616e-01	0.44
68	csite_67	5.2519	2.19225e-02	0.35
69	csite_68	6.0943	1.35622e-02	0.31
70	csite_69	0.0017	9.66938e-01	0.33
71	csite_70	1.3622	2.43155e-01	0.37
72	csite_71	0.8180	3.65776e-01	0.41
73	csite_72	3.0045	8.30335e-02	0.27
74	csite_73	0.0028	9.58033e-01	0.38
75	csite_74	11.0479	8.87885e-04	0.36
76	csite_75	8.4970	3.55735e-03	0.24
77	csite_76	0.1775	6.73531e-01	0.28
78	csite_77	10.4970	1.19567e-03	0.30
79	csite_78	4.4191	3.55391e-02	0.35
80	csite_79	0.0276	8.68046e-01	0.56
81	csite_80	0.0001	9.91775e-01	0.38
82	csite_81	3.4429	6.35257e-02	0.39
83	csite_82	1.1609	2.81286e-01	0.28
84	csite_83	2.7051	1.00025e-01	0.40
85	csite_84	3.9737	4.62160e-02	0.27
86	csite_85	1.1919	2.74943e-01	0.71
87	csite_86	14.9739	1.09006e-04	0.32
88	csite_87	5.9280	1.49018e-02	0.36
89	csite_88	2.4127	1.20351e-01	0.53
90	csite_89	3.6258	5.68911e-02	0.28
91	csite_90	4.6371	3.12871e-02	0.28
92	csite_91	0.1797	6.71632e-01	0.33
93	csite_92	3.5027	6.12703e-02	0.31
94	csite_93	4.7827	2.87462e-02	0.30
95	csite_94	6.2202	1.26299e-02	0.33
96	csite_95	0.0067	9.34983e-01	0.30
97	csite_96	6.0937	1.35663e-02	0.30
98	csite_97	0.0334	8.54884e-01	0.50
99	csite_98	0.0001	9.91364e-01	0.42
100	csite_99	0.0005	9.81647e-01	0.59
101	csite_100	0.0000	1.00000e+00	0.52
102	csite_101	1.5535	2.12624e-01	0.48
103	csite_102	0.5704	4.50105e-01	0.33
104	csite_103	9.3155	2.27219e-03	0.30
105	csite_104	2.9008	8.85375e-02	0.36
106	csite_105	0.8515	3.56121e-01	0.33
107	csite_106	0.0231	8.79301e-01	0.41
108	csite_107	0.5935	4.41073e-01	0.61
109	csite_108	4.0320	4.46457e-02	0.37
110	csite_109	0.4531	5.00874e-01	0.29
111	csite_110	0.2856	5.93059e-01	0.27
112	csite_111	0.4399	5.07160e-01	0.27
113	csite_112	30.3648	3.57964e-08	0.69
114	csite_113	6.1023	1.35006e-02	0.35
115	csite_114	0.3700	5.42987e-01	0.24
116	csite_115	0.0168	8.96988e-01	0.33
117	csite_116	0.0000	9.98930e-01	0.32
118	csite_117	0.0248	8.74837e-01	0.55
119	csite_118	0.2726	6.01584e-01	0.38
120	csite_119	0.4358	5.09163e-01	0.28
121	csite_120	0.2759	5.99405e-01	0.27
122	csite_121	2.8005	9.42365e-02	0.27
123	csite_122	1.1403	2.85594e-01	0.36
124	csite_123	4.1606	4.13748e-02	0.29
125	csite_124	0.0045	9.46234e-01	0.41
126	csite_125	0.3665	5.44921e-01	0.60
127	csite_126	17.6019	2.72321e-05	0.40
128	csite_127	7.6049	5.82106e-03	0.48
129	csite_128	0.0016	9.67955e-01	0.41
130	csite_129	0.8828	3.47440e-01	0.53
131	csite_130	0.2863	5.92584e-01	0.24
132	csite_131	1.2896	2.56129e-01	0.27
133	csite_132	7.5159	6.11576e-03	0.29
134	csite_133	6.6321	1.00158e-02	0.27
135	csite_134	0.7604	3.83199e-01	0.30
136	csite_135	12.0178	5.26935e-04	0.44
137	csite_136	0.5423	4.61497e-01	0.57
138	csite_137	16.0089	6.30442e-05	0.40
139	csite_138	1.6591	1.97731e-01	0.31
140	csite_139	2.8302	9.25080e-02	0.50
141	csite_140	0.1032	7.48027e-01	0.34
142	csite_141	2.2706	1.31848e-01	0.30
143	csite_142	5.7542	1.64492e-02	0.36
144	csite_143	3.4367	6.37629e-02	0.36
145	csite_144	0.6690	4.13390e-01	0.72
146	csite_145	0.0343	8.53016e-01	0.44
147	csite_146	12.8298	3.41147e-04	0.38
148	csite_147	0.0003	9.86050e-01	0.66
149	csite_148	1.3241	2.49859e-01	0.39
150	csite_149	0.7219	3.95517e-01	0.26
151	csite_150	0.1014	7.50212e-01	0.38
152	csite_151	6.7900	9.16708e-03	0.29
153	csite_152	3.0655	7.99681e-02	0.40
154	csite_153	3.6746	5.52469e-02	0.50
155	csite_154	0.1725	6.77883e-01	0.37
156	csite_155	3.1864	7.42518e-02	0.27
157	csite_156	0.0000	9.94675e-01	0.44
158	csite_157	2.1749	1.40276e-01	0.69
159	csite_158	1.4687	2.25556e-01	0.31
160	csite_159	0.9673	3.25345e-01	0.47
161	csite_160	14.4272	1.45681e-04	0.37
162	csite_161	0.0190	8.90352e-01	0.49
163	csite_162	3.8433	4.99453e-02	0.40
164	csite_163	4.2522	3.92003e-02	0.31
165	csite_164	1.8914	1.69048e-01	0.28
166	csite_165	0.0860	7.69273e-01	0.23
167	csite_166	1.9280	1.64977e-01	0.28
168	csite_167	7.8034	5.21476e-03	0.31
169	csite_168	0.8608	3.53518e-01	0.38
170	csite_169	0.1729	6.77565e-01	0.29
171	csite_170	0.0044	9.47179e-01	0.41
172	csite_171	1.5639	2.11091e-01	0.27
173	csite_172	0.0104	9.18638e-01	0.29
174	csite_173	0.8004	3.70959e-01	0.35
175	csite_174	4.1786	4.09385e-02	0.32
176	csite_175	6.1750	1.29565e-02	0.31
177	csite_176	6.6125	1.01265e-02	0.23
178	csite_177	0.3786	5.38360e-01	0.41
179	csite_178	1.8071	1.78854e-01	0.28
180	csite_179	0.1964	6.57625e-01	0.35
181	csite_180	20.0564	7.51910e-06	0.25
182	csite_181	21.4411	3.64865e-06	0.35
183	csite_182	3.0845	7.90400e-02	0.34
184	csite_183	4.7899	2.86264e-02	0.50
185	csite_184	0.9053	3.41370e-01	0.35
186	csite_185	0.2529	6.15018e-01	0.51
187	csite_186	0.6053	4.36558e-01	0.28
188	csite_187	7.1925	7.32073e-03	0.36
189	csite_188	0.2230	6.36743e-01	0.35
190	csite_189	0.6254	4.29036e-01	0.34
191	csite_190	8.4472	3.65609e-03	0.28
192	csite_191	0.0022	9.62380e-01	0.41
193	csite_192	0.5297	4.66735e-01	0.48
194	csite_193	0.1212	7.27737e-01	0.33
195	csite_194	0.8181	3.65750e-01	0.23
196	csite_195	2.4462	1.17808e-01	0.43
197	csite_196	3.4192	6.44437e-02	0.33
198	csite_197	1.3812	2.39892e-01	0.30
199	csite_198	2.2141	1.36758e-01	0.30
200	csite_199	1.8438	1.74505e-01	0.32
201	csite_200	0.0009	9.76245e-01	0.27
202	csite_201	1.1882	2.75688e-01	0.34
203	csite_202	15.3903	8.74358e-05	0.33
204	csite_203	4.4938	3.40186e-02	0.24
205	csite_204	0.0187	8.91327e-01	0.46
206	csite_205	0.5411	4.61997e-01	0.27
207	csite_206	2.4539	1.17232e-01	0.44
208	csite_207	0.0000	9.99975e-01	0.30
209	csite_208	5.7139	1.68314e-02	0.51
210	csite_209	7.6016	5.83169e-03	0.41
211	csite_210	15.1571	9.89249e-05	0.29
212	csite_211	0.0004	9.83408e-01	0.41
213	csite_212	0.5869	4.43623e-01	0.38
214	csite_213	2.4947	1.14232e-01	0.35
215	csite_214	13.0468	3.03811e-04	0.55
216	csite_215	0.0977	7.54596e-01	0.48
217	csite_216	10.3829	1.27188e-03	0.40
218	csite_217	1.0739	3.00057e-01	0.47
219	csite_218	0.0011	9.73944e-01	0.44
220	csite_219	26.5113	2.62005e-07	0.58
221	csite_220	9.6347	1.90937e-03	0.33
222	csite_221	1.3077	2.52820e-01	0.37
223	csite_222	0.0036	9.51995e-01	0.66
224	csite_223	1.4150	2.34223e-01	0.28
225	csite_224	0.6628	4.15558e-01	0.29
226	csite_225	0.0000	9.99990e-01	0.44
227	csite_226	2.4940	1.14279e-01	0.34
228	csite_227	1.9401	1.63657e-01	0.34
229	csite_228	0.7340	3.91595e-01	0.44
230	csite_229	0.4325	5.10746e-01	0.38
231	csite_230	6.3181	1.19509e-02	0.29
232	csite_231	4.9964	2.53998e-02	0.32
233	csite_232	3.3635	6.66552e-02	0.25
234	csite_233	5.7524	1.64659e-02	0.28
235	csite_234	0.2481	6.18451e-01	0.36
236	csite_235	0.8080	3.68709e-01	0.38
237	csite_236	1.5118	2.18870e-01	0.35
238	csite_237	0.1427	7.05641e-01	0.33
239	csite_238	3.2689	7.06062e-02	0.38
240	csite_239	12.5123	4.04289e-04	0.30
241	csite_240	21.8439	2.95758e-06	0.33
242	csite_241	0.7958	3.72362e-01	0.33
243	csite_242	18.0845	2.11312e-05	0.37
244	csite_243	2.2303	1.35330e-01	0.39
245	csite_244	0.2635	6.07703e-01	0.32
246	csite_245	2.4831	1.15077e-01	0.30
247	csite_246	0.0000	9.99991e-01	0.38
248	csite_247	0.0007	9.79037e-01	0.57
249	csite_248	4.0773	4.34643e-02	0.48
250	csite_249	1.5312	2.15938e-01	0.26
251	csite_250	8.2535	4.06734e-03	0.31
252	csite_251	2.8853	8.93917e-02	0.29
253	csite_252	3.0376	8.13540e-02	0.36
254	csite_253	10.0297	1.54032e-03	0.41
255	csite_254	0.0568	8.11553e-01	0.64
256	csite_255	11.6635	6.37377e-04	0.48
257	csite_256	10.4247	1.24342e-03	0.30
258	csite_257	8.7233	3.14169e-03	0.30
259	csite_258	3.6019	5.77143e-02	0.55
260	csite_259	0.3227	5.69983e-01	0.37
261	csite_260	0.0423	8.36964e-01	0.34
262	csite_261	0.4084	5.22760e-01	0.34
263	csite_262	0.0004	9.84762e-01	0.67
264	csite_263	9.6896	1.85318e-03	0.29
265	csite_264	0.0240	8.76768e-01	0.40
266	csite_265	0.0018	9.66152e-01	0.26
267	csite_266	0.2788	5.97498e-01	0.30
268	csite_267	0.6627	4.15596e-01	0.69
269	csite_268	13.2715	2.69479e-04	0.37
270	csite_269	0.3674	5.44444e-01	0.37
271	csite_270	2.6254	1.05165e-01	0.44
272	csite_271	0.0125	9.11132e-01	0.39
273	csite_272	5.6541	1.74142e-02	0.37
274	csite_273	1.8840	1.69876e-01	0.25
275	csite_274	1.2242	2.68532e-01	0.28
276	csite_275	1.7967	1.80107e-01	0.30
277	csite_276	13.5261	2.35273e-04	0.41
278	csite_277	3.3770	6.61121e-02	0.48
279	csite_278	0.1048	7.46156e-01	0.27
280	csite_279	1.7750	1.82763e-01	0.31
281	csite_280	0.6626	4.15630e-01	0.41
282	csite_281	0.0691	7.92715e-01	0.38
283	csite_282	7.8493	5.08403e-03	0.29
284	csite_283	9.1600	2.47356e-03	0.39
285	csite_284	0.0198	8.88056e-01	0.49
286	csite_285	4.7732	2.89057e-02	0.28
287	csite_286	0.5439	4.60832e-01	0.44
288	csite_287	0.0024	9.60839e-01	0.42
289	csite_288	1.6118	2.04240e-01	0.29
290	csite_289	1.0100	3.14899e-01	0.37
291	csite_290	4.5954	3.20578e-02	0.29
292	csite_291	0.0002	9.88574e-01	0.35
293	csite_292	4.9537	2.60350e-02	0.41
294	csite_293	0.5570	4.55484e-01	0.28
295	csite_294	4.7426	2.94253e-02	0.42
296	csite_295	1.3909	2.38255e-01	0.42
297	csite_296	6.0503	1.39042e-02	0.29
298	csite_297	2.8521	9.12549e-02	0.28
299	csite_298	2.3887	1.22216e-01	0.25
300	csite_299	4.6911	3.03187e-02	0.34
301	csite_300	4.5682	3.25713e-02	0.41
302	csite_301	0.6426	4.22771e-01	0.30
303	csite_302	0.2077	6.48580e-01	0.39
304	csite_303	21.1316	4.28806e-06	0.29
305	csite_304	0.4145	5.19674e-01	0.37
306	csite_305	5.0716	2.43208e-02	0.36
307	csite_306	0.3712	5.42366e-01	0.30
308	csite_307	21.8708	2.91641e-06	0.26
309	csite_308	5.1232	2.36085e-02	0.36
310	csite_309	0.7317	3.92332e-01	0.55
311	csite_310	1.3871	2.38893e-01	0.45
312	csite_311	4.9993	2.53574e-02	0.35
313	csite_312	0.3470	5.55792e-01	0.57
314	csite_313	0.1689	6.81134e-01	0.51
315	csite_314	0.0000	9.94626e-01	0.49
316	csite_315	0.0013	9.71522e-01	0.56
317	csite_316	5.4003	2.01339e-02	0.34
318	csite_317	0.8473	3.57318e-01	0.47
319	csite_318	2.5323	1.11536e-01	0.41
320	csite_319	0.2504	6.16794e-01	0.38
321	csite_320	7.5140	6.12203e-03	0.34
322	csite_321	0.9997	3.17390e-01	0.33
323	csite_322	6.1415	1.32046e-02	0.32
324	csite_323	0.0150	9.02551e-01	0.55
325	csite_324	5.1943	2.26616e-02	0.26
326	csite_325	0.3451	5.56923e-01	0.32
327	csite_326	0.5114	4.74518e-01	0.45
328	csite_327	0.8095	3.68271e-01	0.29
329	csite_328	1.1693	2.79544e-01	0.30
330	csite_329	0.0147	9.03387e-01	0.38
331	csite_330	0.3995	5.27348e-01	0.32
332	csite_331	5.1394	2.33885e-02	0.27
333	csite_332	1.7020	1.92024e-01	0.26
334	csite_333	19.2903	1.12276e-05	0.36
335	csite_334	0.0000	9.98453e-01	0.65
336	csite_335	2.1023	1.47078e-01	0.29
337	csite_336	0.9192	3.37690e-01	0.34
338	csite_337	2.2899	1.30216e-01	0.23
339	csite_338	0.0003	9.85078e-01	0.46
340	csite_339	1.6273	2.02080e-01	0.38
341	csite_340	0.3197	5.71789e-01	0.48
342	csite_341	0.1924	6.60929e-01	0.40
343	csite_342	1.2678	2.60188e-01	0.33
344	csite_343	9.5712	1.97654e-03	0.28
345	csite_344	1.0526	3.04917e-01	0.40
346	csite_345	22.6434	1.95031e-06	0.37
347	csite_346	0.1741	6.76483e-01	0.32
348	csite_347	6.8189	9.01970e-03	0.29
349	csite_348	0.4895	4.84156e-01	0.36
350	csite_349	0.0000	9.99291e-01	0.50
351	csite_350	1.3329	2.48284e-01	0.30
352	csite_351	0.0000	1.00000e+00	0.50
353	csite_352	0.2117	6.45425e-01	0.36
354	csite_353	5.0367	2.48150e-02	0.32
355	csite_354	2.6073	1.06376e-01	0.32
356	csite_355	0.0469	8.28558e-01	0.26
357	csite_356	7.3091	6.86055e-03	0.30
358	csite_357	0.8776	3.48862e-01	0.45
359	csite_358	0.0088	9.25074e-01	0.80
360	csite_359	0.5348	4.64580e-01	0.30
361	csite_360	1.3549	2.44422e-01	0.34
362	csite_361	0.2183	6.40340e-01	0.65
363	csite_362	0.5257	4.68418e-01	0.33
364	csite_363	0.9513	3.29377e-01	0.56
365	csite_364	1.8100	1.78503e-01	0.29
366	csite_365	1.4203	2.33360e-01	0.39
367	csite_366	11.3362	7.60127e-04	0.38
368	csite_367	0.1851	6.67040e-01	0.40
369	csite_368	1.9517	1.62408e-01	0.41
370	csite_369	4.8746	2.72543e-02	0.31
371	csite_370	11.3602	7.50364e-04	0.40
372	csite_371	0.1431	7.05222e-01	1.20
373	csite_372	7.2833	6.95989e-03	0.52
374	csite_373	0.0869	7.68212e-01	0.39
375	csite_374	0.0699	7.91469e-01	0.33
376	csite_375	4.7199	2.98156e-02	0.54
377	csite_376	15.5017	8.24302e-05	0.28
378	csite_377	0.2622	6.08624e-01	0.37
379	csite_378	0.5528	4.57175e-01	0.35
380	csite_379	14.0706	1.76076e-04	0.19
381	csite_380	0.0035	9.52661e-01	0.33
382	csite_381	1.1923	2.74858e-01	0.63
383	csite_382	0.3214	5.70773e-01	0.30
384	csite_383	0.2896	5.90491e-01	0.40
385	csite_384	8.1884	4.21602e-03	0.43
386	csite_385	12.0103	5.29083e-04	0.38
387	csite_386	0.6344	4.25729e-01	0.46
388	csite_387	0.3142	5.75140e-01	0.49
389	csite_388	0.5647	4.52382e-01	0.44
390	csite_389	4.3734	3.65044e-02	0.33
391	csite_390	0.0356	8.50424e-01	0.36
392	csite_391	3.7374	5.32057e-02	0.35
393	csite_392	9.2793	2.31757e-03	0.28
394	csite_393	4.4851	3.41921e-02	0.50
395	csite_394	0.4605	4.97380e-01	0.51
396	csite_395	0.1236	7.25149e-01	0.34
397	csite_396	3.1680	7.50951e-02	0.35
398	csite_397	0.6303	4.27250e-01	0.48
399	csite_398	1.0457	3.06504e-01	0.34
400	csite_399	0.2226	6.37062e-01	0.67
401	csite_400	0.5007	4.79172e-01	0.38
402	csite_401	1.0322	3.09650e-01	0.41
403	csite_402	1.7626	1.84307e-01	0.25
404	csite_403	2.5744	1.08607e-01	0.42
405	csite_404	0.0194	8.89162e-01	0.51
406	csite_405	0.0336	8.54642e-01	0.57
407	csite_406	1.2483	2.63875e-01	0.24
408	csite_407	0.0528	8.18177e-01	0.31
409	csite_408	2.6668	1.02463e-01	0.30
410	csite_409	5.9240	1.49359e-02	0.34
411	csite_410	0.0010	9.75093e-01	0.39
412	csite_411	0.1503	6.98247e-01	0.45
413	csite_412	0.4110	5.21453e-01	0.35
414	csite_413	1.7102	1.90965e-01	0.37
415	csite_414	0.8136	3.67053e-01	0.32
416	csite_415	0.0257	8.72683e-01	0.30
417	csite_416	0.1906	6.62455e-01	0.42
418	csite_417	7.2685	7.01747e-03	0.33
419	csite_418	18.7501	1.49014e-05	0.54
420	csite_419	3.7782	5.19260e-02	0.40
421	csite_420	0.0060	9.38361e-01	0.37
422	csite_421	0.5318	4.65831e-01	0.34
423	csite_422	3.6022	5.77019e-02	0.44
424	csite_423	0.0463	8.29600e-01	0.43
425	csite_424	1.4786	2.23996e-01	0.35
426	csite_425	5.9527	1.46949e-02	0.23
427	csite_426	2.3201	1.27714e-01	0.50
428	csite_427	0.0056	9.40550e-01	0.13
429	csite_428	0.0002	9.88073e-01	0.45
430	csite_429	15.6493	7.62411e-05	0.29
431	csite_430	0.0066	9.35259e-01	0.26
432	csite_431	6.7160	9.55514e-03	0.30
433	csite_432	9.6286	1.91572e-03	0.33
434	csite_433	0.0000	9.96551e-01	0.39
435	csite_434	0.1547	6.94048e-01	0.65
436	csite_435	3.0136	8.25689e-02	0.36
437	csite_436	21.6515	3.26960e-06	0.32
438	csite_437	1.4702	2.25308e-01	0.46
439	csite_438	15.8588	6.82491e-05	0.44
440	csite_439	2.4488	1.17614e-01	0.36
441	csite_440	5.5951	1.80105e-02	0.36
442	csite_441	6.1967	1.27991e-02	0.26
443	csite_442	1.0405	3.07703e-01	0.28
444	csite_443	0.0052	9.42246e-01	0.53
445	csite_444	1.9802	1.59365e-01	0.28
446	csite_445	27.3282	1.71687e-07	0.75
447	csite_446	11.1447	8.42736e-04	0.38
448	csite_447	11.5289	6.85219e-04	0.35
449	csite_448	0.3340	5.63337e-01	0.42
450	csite_449	4.9058	2.67664e-02	0.32
451	csite_450	0.3737	5.41012e-01	0.28
452	csite_451	7.7250	5.44603e-03	0.30
453	csite_452	4.9018	2.68283e-02	0.31
454	csite_453	4.2613	3.89902e-02	0.38
455	csite_454	1.6044	2.05279e-01	0.26
456	csite_455	0.0004	9.84138e-01	0.38
457	csite_456	6.0648	1.37903e-02	0.31
458	csite_457	9.0156	2.67680e-03	0.37
459	csite_458	2.5183	1.12535e-01	0.25
460	csite_459	0.0774	7.80845e-01	0.24
461	csite_460	7.1469	7.50945e-03	0.37
462	csite_461	3.8234	5.05409e-02	0.30
463	csite_462	10.3744	1.27773e-03	0.42
464	csite_463	0.7227	3.95244e-01	0.45
465	csite_464	6.8346	8.94092e-03	0.38
466	csite_465	3.1706	7.49764e-02	0.28
467	csite_466	0.1985	6.55905e-01	0.35
468	csite_467	9.7503	1.79295e-03	0.25
469	csite_468	7.7953	5.23831e-03	0.36
470	csite_469	1.5140	2.18535e-01	0.44
471	csite_470	2.2722	1.31712e-01	0.34
472	csite_471	5.1627	2.30774e-02	0.31
473	csite_472	0.2469	6.19254e-01	0.42
474	csite_473	8.8222	2.97589e-03	0.38
475	csite_474	1.5507	2.13033e-01	0.41
476	csite_475	2.3002	1.29357e-01	0.39
477	csite_476	0.0116	9.14353e-01	0.52
478	csite_477	0.4754	4.90501e-01	0.40
479	csite_478	0.8614	3.53349e-01	0.34
480	csite_479	5.5474	1.85082e-02	0.26
481	csite_480	2.7729	9.58729e-02	0.53
482	csite_481	1.3271	2.49317e-01	0.41
483	csite_482	1.3475	2.45716e-01	0.41
484	csite_483	3.8396	5.00553e-02	0.24
485	csite_484	0.3351	5.62683e-01	0.52
486	csite_485	2.4440	1.17977e-01	0.38
487	csite_486	1.5012	2.20481e-01	0.46
488	csite_487	0.3459	5.56471e-01	0.40
489	csite_488	0.0006	9.80081e-01	0.41
490	csite_489	0.9310	3.34598e-01	0.41
491	csite_490	0.1702	6.79928e-01	0.32
492	csite_491	0.2262	6.34355e-01	0.35
493	csite_492	2.4549	1.17156e-01	0.37
494	csite_493	0.1137	7.35918e-01	0.27
495	csite_494	0.8355	3.60698e-01	0.31
496	csite_495	5.4853	1.91767e-02	0.27
497	csite_496	0.5775	4.47288e-01	0.48
498	csite_497	0.4193	5.17309e-01	0.50
499	csite_498	13.1798	2.82978e-04	0.41
500	csite_499	0.3441	5.57486e-01	0.33
501	site_500	0.7126	3.98595e-01	0.34
502	site_501	0.4505	5.02095e-01	0.37
503	site_502	0.5228	4.69629e-01	0.50
504	site_503	0.9558	3.28242e-01	0.34
505	site_504	4.3197	3.76726e-02	0.40
506	site_505	0.3600	5.48492e-01	0.61
507	site_506	0.1163	7.33085e-01	0.43
508	site_507	0.6517	4.19495e-01	0.35
509	site_508	0.0000	9.99959e-01	0.73
510	site_509	1.6732	1.95828e-01	0.37
511	site_510	4.3146	3.77867e-02	0.33
512	site_511	5.4529	1.95354e-02	0.33
513	site_512	0.3517	5.53133e-01	0.28
514	site_513	0.0859	7.69452e-01	0.41
515	site_514	0.0023	9.61989e-01	0.60
516	site_515	0.0019	9.65325e-01	0.55
517	site_516	0.0001	9.92697e-01	0.36
518	site_517	5.2151	2.23911e-02	0.38
519	site_518	0.8743	3.49768e-01	0.28
520	site_519	1.4645	2.26217e-01	0.33
521	site_520	0.2843	5.93922e-01	0.39
522	site_521	0.0221	8.81831e-01	0.35
523	site_522	0.9363	3.33236e-01	0.55
524	site_523	3.8044	5.11194e-02	0.28
525	site_524	4.2553	3.91275e-02	0.30
526	site_525	0.7344	3.91446e-01	0.72
527	site_526	0.4256	5.14150e-01	0.41
528	site_527	8.0642	4.51492e-03	0.24
529	site_528	0.5326	4.65504e-01	0.45
530	site_529	0.0101	9.20108e-01	0.41
531	site_530	3.7918	5.15036e-02	0.60
532	site_531	1.4340	2.31109e-01	0.35
533	site_532	3.6420	5.63376e-02	0.31
534	site_533	0.0198	8.87974e-01	0.48
535	site_534	2.4816	1.15182e-01	0.42
536	site_535	7.8078	5.20218e-03	0.50
537	site_536	0.0426	8.36479e-01	0.36
538	site_537	0.0030	9.56653e-01	0.69
539	site_538	1.4320	2.31441e-01	0.46
540	site_539	0.6107	4.34509e-01	0.32
541	site_540	0.9579	3.27722e-01	0.36
542	site_541	0.8517	3.56061e-01	0.62
543	site_542	5.3105	2.11971e-02	0.19
544	site_543	0.2832	5.94620e-01	0.27
545	site_544	1.0871	2.97115e-01	0.54
546	site_545	0.0000	1.00000e+00	0.57
547	site_546	0.0044	9.47247e-01	0.52
548	site_547	1.8463	1.74219e-01	0.35
549	site_548	0.6195	4.31222e-01	0.62
550	site_549	0.0595	8.07246e-01	0.32
551	site_550	0.4290	5.12469e-01	0.41
552	site_551	1.7439	1.86641e-01	0.31
553	site_552	1.2317	2.67068e-01	0.38
554	site_553	0.2553	6.13382e-01	0.42
555	site_554	0.1646	6.84981e-01	0.51
556	site_555	0.0584	8.09028e-01	0.54
557	site_556	0.3212	5.70874e-01	0.35
558	site_557	1.1324	2.87257e-01	0.36
559	site_558	0.8337	3.61209e-01	0.39
560	site_559	1.4982	2.20949e-01	0.43
561	site_560	0.0140	9.05903e-01	0.79
562	site_561	0.7388	3.90046e-01	0.36
563	site_562	1.8053	1.79069e-01	0.33
564	site_563	0.0000	9.97239e-01	0.31
565	site_564	0.9296	3.34963e-01	0.36
566	site_565	4.3682	3.66152e-02	0.44
567	site_566	1.0247	3.11401e-01	0.36
568	site_567	0.4902	4.83857e-01	0.39
569	site_568	0.1950	6.58822e-01	0.33
570	site_569	0.1536	6.95116e-01	0.40
571	site_570	4.6958	3.02371e-02	0.31
572	site_571	0.2674	6.05089e-01	0.31
573	site_572	0.2852	5.93305e-01	0.52
574	site_573	3.3485	6.72676e-02	0.35
575	site_574	0.2422	6.22596e-01	0.29
576	site_575	0.7872	3.74938e-01	0.31
577	site_576	4.9239	2.64872e-02	0.29
578	site_577	2.6899	1.00986e-01	0.28
579	site_578	1.8702	1.71449e-01	0.34
580	site_579	7.9692	4.75793e-03	0.37
581	site_580	0.1543	6.94504e-01	0.34
582	site_581	0.0170	8.96119e-01	0.33
583	site_582	11.9964	5.33042e-04	0.48
584	site_583	0.3920	5.31236e-01	0.27
585	site_584	0.4188	5.17526e-01	0.47
586	site_585	0.8978	3.43365e-01	0.30
587	site_586	1.1882	2.75701e-01	0.35
588	site_587	0.0480	8.26514e-01	0.79
589	site_588	0.0118	9.13651e-01	0.79
590	site_589	0.0013	9.70830e-01	0.43
591	site_590	1.7905	1.80867e-01	0.31
592	site_591	1.8234	1.76904e-01	0.32
593	site_592	0.6592	4.16826e-01	0.41
594	site_593	0.2638	6.07518e-01	0.40
595	site_594	0.0135	9.07466e-01	0.26
596	site_595	0.0013	9.71672e-01	0.60
597	site_596	0.0000	9.99999e-01	0.45
598	site_597	0.4809	4.88013e-01	0.34
599	site_598	0.2498	6.17227e-01	0.41
600	site_599	0.0060	9.38017e-01	0.53
601	site_600	0.3444	5.57278e-01	0.34
602	site_601	0.4108	5.21540e-01	0.34
603	site_602	0.0601	8.06384e-01	0.30
604	site_603	2.2997	1.29403e-01	0.38
605	site_604	2.9705	8.47981e-02	0.45
606	site_605	0.4675	4.94154e-01	0.40
607	site_606	0.7985	3.71542e-01	0.45
608	site_607	0.0378	8.45829e-01	0.34
609	site_608	2.2516	1.33481e-01	0.30
610	site_609	0.0034	9.53169e-01	0.72
611	site_610	0.4884	4.84622e-01	0.34
612	site_611	0.0023	9.62094e-01	0.59
613	site_612	3.1590	7.55117e-02	0.39
614	site_613	0.5896	4.42556e-01	0.38
615	site_614	0.9535	3.28828e-01	0.43
616	site_615	0.0108	9.17221e-01	0.65
617	site_616	2.7074	9.98813e-02	0.41
618	site_617	2.4850	1.14934e-01	0.24
619	site_618	0.0013	9.71604e-01	0.45
620	site_619	3.7517	5.27531e-02	0.35
621	site_620	0.2441	6.21262e-01	0.36
622	site_621	0.3346	5.62939e-01	0.31
623	site_622	0.7546	3.85033e-01	0.27
624	site_623	0.9355	3.33436e-01	0.37
625	site_624	0.7099	3.99492e-01	0.43
626	site_625	5.4947	1.90737e-02	0.30
627	site_626	0.3884	5.33146e-01	0.41
628	site_627	0.0262	8.71302e-01	0.33
629	site_628	7.9878	4.70935e-03	0.28
630	site_629	0.2101	6.46709e-01	0.55
631	site_630	0.7798	3.77216e-01	0.52
632	site_631	6.1816	1.29085e-02	0.41
633	site_632	0.0430	8.35634e-01	0.41
634	site_633	0.1309	7.17542e-01	0.26
635	site_634	8.9690	2.74604e-03	0.71
636	site_635	1.3964	2.37320e-01	0.30
637	site_636	0.2713	6.02469e-01	0.26
638	site_637	1.2548	2.62645e-01	0.31
639	site_638	0.0000	1.00000e+00	0.35
640	site_639	1.5591	2.11795e-01	0.29
641	site_640	1.2927	2.55549e-01	0.41
642	site_641	0.2715	6.02297e-01	0.34
643	site_642	6.3858	1.15037e-02	0.32
644	site_643	0.4600	4.97631e-01	0.31
645	site_644	6.3021	1.20597e-02	0.30
646	site_645	2.2191	1.36309e-01	0.29
647	site_646	11.8946	5.62980e-04	0.35
648	site_647	0.0421	8.37519e-01	0.40
649	site_648	1.1106	2.91952e-01	0.50
650	site_649	10.9619	9.30033e-04	0.27
651	site_650	3.0941	7.85783e-02	0.28
652	site_651	0.0080	9.28913e-01	0.48
653	site_652	0.3896	5.32508e-01	0.25
654	site_653	0.0068	9.34161e-01	0.32
655	site_654	3.3274	6.81344e-02	0.30
656	site_655	1.0655	3.01971e-01	0.27
657	site_656	0.0232	8.78978e-01	0.46
658	site_657	0.0000	1.00000e+00	0.99
659	site_658	1.6294	2.01786e-01	0.43
660	site_659	2.3557	1.24828e-01	0.36
661	site_660	0.2623	6.08570e-01	0.41
662	site_661	0.9636	3.26271e-01	0.41
663	site_662	0.0101	9.19834e-01	0.52
664	site_663	1.3801	2.40082e-01	0.30
665	site_664	1.3863	2.39034e-01	0.25
666	site_665	1.2202	2.69322e-01	0.39
667	site_666	0.4939	4.82196e-01	0.36
668	site_667	3.9868	4.58577e-02	0.38
669	site_668	1.8707	1.71390e-01	0.38
670	site_669	0.0833	7.72939e-01	0.34
671	site_670	0.8270	3.63142e-01	0.44
672	site_671	0.0000	1.00000e+00	0.61
673	site_672	0.8872	3.46235e-01	0.29
674	site_673	0.0208	8.85261e-01	0.50
675	site_674	1.9044	1.67586e-01	0.31
676	site_675	0.0568	8.11602e-01	0.33
677	site_676	1.2674	2.60256e-01	0.36
678	site_677	0.2802	5.96543e-01	0.28
679	site_678	0.0973	7.55105e-01	0.36
680	site_679	0.2431	6.21991e-01	0.33
681	site_680	1.0125	3.14295e-01	0.41
682	site_681	1.3998	2.36764e-01	0.47
683	site_682	14.5231	1.38455e-04	0.40
684	site_683	1.2614	2.61381e-01	0.34
685	site_684	1.2273	2.67926e-01	0.38
686	site_685	3.3307	6.79996e-02	0.46
687	site_686	5.0614	2.44641e-02	0.28
688	site_687	1.5249	2.16875e-01	0.31
689	site_688	0.9231	3.36674e-01	0.29
690	site_689	0.0000	1.00000e+00	0.52
691	site_690	1.0930	2.95801e-01	0.23
692	site_691	0.0025	9.59747e-01	0.28
693	site_692	0.0000	1.00000e+00	0.41
694	site_693	0.3160	5.74020e-01	0.33
695	site_694	0.3285	5.66515e-01	0.32
696	site_695	0.6206	4.30835e-01	0.17
697	site_696	0.0027	9.58924e-01	0.35
698	site_697	0.0628	8.02105e-01	0.49
699	site_698	4.7324	2.95997e-02	0.27
700	site_699	3.5847	5.83149e-02	0.28
701	site_700	0.9263	3.35833e-01	0.32
702	site_701	1.9501	1.62577e-01	0.32
703	site_702	0.0062	9.37357e-01	0.51
704	site_703	0.2981	5.85094e-01	0.38
705	site_704	0.0000	9.98597e-01	0.36
706	site_705	0.0004	9.84698e-01	0.31
707	site_706	0.1345	7.13778e-01	0.26
708	site_707	1.0158	3.13510e-01	0.33
709	site_708	0.3502	5.53974e-01	0.34
710	site_709	1.0937	2.95646e-01	0.31
711	site_710	1.6771	1.95306e-01	0.36
712	site_711	0.2645	6.07021e-01	0.38
713	site_712	0.0326	8.56650e-01	0.37
714	site_713	6.8127	9.05114e-03	0.27
715	site_714	0.6466	4.21331e-01	0.31
716	site_715	0.0819	7.74750e-01	0.38
717	site_716	3.1439	7.62134e-02	0.47
718	site_717	1.6974	1.92625e-01	0.37
719	site_718	0.3461	5.56302e-01	0.73
720	site_719	0.4863	4.85564e-01	0.38
721	site_720	0.3942	5.30093e-01	0.35
722	site_721	1.1589	2.81698e-01	0.30
723	site_722	0.0000	1.00000e+00	0.51
724	site_723	3.3362	6.77710e-02	0.35
725	site_724	0.0082	9.27739e-01	0.36
726	site_725	0.6391	4.24040e-01	0.47
727	site_726	2.1837	1.39476e-01	0.32
728	site_727	2.3727	1.23473e-01	0.29
729	site_728	0.1477	7.00740e-01	0.31
730	site_729	0.0943	7.58775e-01	0.29
731	site_730	0.7611	3.82993e-01	0.62
732	site_731	0.0400	8.41399e-01	0.43
733	site_732	0.2067	6.49346e-01	0.29
734	site_733	0.0031	9.55542e-01	0.44
735	site_734	3.2763	7.02890e-02	0.29
736	site_735	1.4996	2.20729e-01	0.33
737	site_736	0.0841	7.71805e-01	0.37
738	site_737	0.6682	4.13680e-01	0.39
739	site_738	0.0865	7.68735e-01	0.45
740	site_739	1.8595	1.72681e-01	0.58
741	site_740	2.8919	8.90252e-02	0.31
742	site_741	0.1705	6.79644e-01	0.51
743	site_742	1.7015	1.92095e-01	0.36
744	site_743	0.7409	3.89370e-01	0.26
745	site_744	0.0304	8.61480e-01	0.24
746	site_745	0.0000	9.97552e-01	0.25
747	site_746	9.5655	1.98266e-03	0.30
748	site_747	0.3358	5.62248e-01	0.31
749	site_748	0.9352	3.33513e-01	0.35
750	site_749	0.0021	9.63664e-01	0.31
751	site_750	0.0619	8.03578e-01	0.58
752	site_751	1.5017	2.20411e-01	0.39
753	site_752	3.1383	7.64737e-02	0.33
754	site_753	0.0001	9.94178e-01	0.46
755	site_754	2.1489	1.42677e-01	0.45
756	site_755	0.2948	5.87182e-01	0.47
757	site_756	0.0388	8.43847e-01	0.26
758	site_757	0.2075	6.48715e-01	0.44
759	site_758	0.0009	9.75869e-01	0.59
760	site_759	1.0229	3.11836e-01	0.42
761	site_760	0.0951	7.57794e-01	0.46
762	site_761	0.3768	5.39301e-01	0.31
763	site_762	0.7419	3.89039e-01	0.27
764	site_763	4.2902	3.83317e-02	0.33
765	site_764	1.4266	2.32321e-01	0.29
766	site_765	0.0000	9.99947e-01	0.53
767	site_766	3.7768	5.19689e-02	0.21
768	site_767	0.7339	3.91632e-01	0.26
769	site_768	4.2566	3.90977e-02	0.28
770	site_769	0.3175	5.73111e-01	0.24
771	site_770	8.6447	3.28009e-03	0.38
772	site_771	1.0045	3.16212e-01	0.39
773	site_772	0.0693	7.92373e-01	0.55
774	site_773	2.3212	1.27623e-01	0.29
775	site_774	4.0360	4.45388e-02	0.50
776	site_775	0.0000	9.99715e-01	0.33
777	site_776	0.6178	4.31849e-01	0.29
778	site_777	6.8339	8.94425e-03	0.28
779	site_778	5.2047	2.25265e-02	0.45
780	site_779	0.2029	6.52425e-01	0.30
781	site_780	0.0406	8.40230e-01	0.38
782	site_781	0.0000	1.00000e+00	0.66
783	site_782	0.5156	4.72734e-01	0.32
784	site_783	0.0177	8.94168e-01	0.47
785	site_784	0.4283	5.12830e-01	0.36
786	site_785	0.8562	3.54816e-01	0.29
787	site_786	1.2841	2.57136e-01	0.25
788	site_787	0.1744	6.76224e-01	0.30
789	site_788	0.9945	3.18650e-01	0.38
790	site_789	0.0232	8.78999e-01	0.48
791	site_790	0.0169	8.96670e-01	0.30
792	site_791	0.0000	1.00000e+00	0.49
793	site_792	0.0074	9.31266e-01	0.46
794	site_793	3.9566	4.66885e-02	0.45
795	site_794	0.0000	9.97192e-01	0.58
796	site_795	0.0398	8.41851e-01	0.40
797	site_796	0.0704	7.90811e-01	0.26
798	site_797	3.4527	6.31490e-02	0.33
799	site_798	0.0838	7.72157e-01	0.43
800	site_799	3.3736	6.62502e-02	0.40
801	site_800	0.0011	9.73785e-01	0.37
802	site_801	1.4039	2.36077e-01	0.31
803	site_802	1.4720	2.25026e-01	0.28
804	site_803	4.0707	4.36343e-02	0.30
805	site_804	0.0000	1.00000e+00	0.59
806	site_805	0.0265	8.70586e-01	0.22
807	site_806	0.3762	5.39633e-01	0.63
808	site_807	0.0000	9.95968e-01	0.49
809	site_808	1.9061	1.67395e-01	0.47
810	site_809	0.1957	6.58246e-01	0.35
811	site_810	1.0625	3.02640e-01	0.31
812	site_811	0.0140	9.05753e-01	0.46
813	site_812	0.7409	3.89380e-01	0.32
814	site_813	0.1338	7.14572e-01	0.29
815	site_814	1.3248	2.49728e-01	0.31
816	site_815	0.0121	9.12427e-01	0.30
817	site_816	0.0533	8.17441e-01	0.52
818	site_817	0.0766	7.81914e-01	0.59
819	site_818	0.0567	8.11779e-01	0.64
820	site_819	0.0000	9.99903e-01	0.46
821	site_820	6.1655	1.30263e-02	0.41
822	site_821	0.0866	7.68507e-01	0.68
823	site_822	0.0407	8.40044e-01	0.28
824	site_823	1.7624	1.84326e-01	0.30
825	site_824	0.6170	4.32149e-01	0.25
826	site_825	0.4357	5.09210e-01	0.34
827	site_826	3.2157	7.29352e-02	0.30
828	site_827	0.0071	9.32808e-01	0.49
829	site_828	0.5410	4.62027e-01	0.30
830	site_829	0.0031	9.55247e-01	0.27
831	site_830	0.3511	5.53479e-01	0.35
832	site_831	1.3293	2.48927e-01	0.32
833	site_832	0.0000	9.99449e-01	0.47
834	site_833	3.4238	6.42610e-02	0.36
835	site_834	1.2583	2.61976e-01	0.37
836	site_835	1.4946	2.21501e-01	0.48
837	site_836	0.0921	7.61526e-01	0.30
838	site_837	0.5180	4.71714e-01	0.31
839	site_838	0.0092	9.23743e-01	0.34
840	site_839	0.5235	4.69373e-01	0.36
841	site_840	0.1903	6.62636e-01	0.31
842	site_841	1.0685	3.01279e-01	0.52
843	site_842	0.1734	6.77111e-01	0.28
844	site_843	0.0000	1.00000e+00	0.51
845	site_844	1.9663	1.60838e-01	0.32
846	site_845	1.1591	2.81660e-01	0.36
847	site_846	0.5565	4.55694e-01	0.55
848	site_847	0.8454	3.57865e-01	0.43
849	site_848	0.4249	5.14519e-01	0.69
850	site_849	0.0108	9.17254e-01	0.34
851	site_850	0.8033	3.70111e-01	0.34
852	site_851	3.5369	6.00167e-02	0.40
853	site_852	0.6483	4.20706e-01	0.37
854	site_853	5.4712	1.93324e-02	0.24
855	site_854	0.0989	7.53191e-01	0.36
856	site_855	0.0981	7.54076e-01	0.55
857	site_856	0.2959	5.86449e-01	0.30
858	site_857	0.0064	9.36437e-01	0.30
859	site_858	0.0022	9.62248e-01	0.47
860	site_859	1.7889	1.81063e-01	0.67
861	site_860	2.0094	1.56331e-01	0.33
862	site_861	6.5852	1.02828e-02	0.60
863	site_862	0.8432	3.58473e-01	0.32
864	site_863	0.0096	9.21815e-01	0.34
865	site_864	0.0115	9.14588e-01	0.32
866	site_865	0.5163	4.72437e-01	0.41
867	site_866	0.3010	5.83272e-01	0.37
868	site_867	0.0408	8.39872e-01	0.36
869	site_868	0.0196	8.88653e-01	0.32
870	site_869	0.3400	5.59821e-01	0.35
871	site_870	0.0000	9.96436e-01	0.76
872	site_871	0.1874	6.65129e-01	0.57
873	site_872	1.4853	2.22946e-01	0.33
874	site_873	5.5639	1.83349e-02	0.36
875	site_874	0.0085	9.26676e-01	0.50
876	site_875	0.1776	6.73414e-01	0.42
877	site_876	0.5532	4.56994e-01	0.40
878	site_877	0.0004	9.83265e-01	0.36
879	site_878	0.0636	8.00960e-01	0.49
880	site_879	0.3314	5.64858e-01	0.31
881	site_880	1.1438	2.84853e-01	0.41
882	site_881	0.0000	9.95709e-01	0.31
883	site_882	0.2642	6.07262e-01	0.31
884	site_883	0.1666	6.83185e-01	0.28
885	site_884	0.3114	5.76807e-01	0.28
886	site_885	1.4966	2.21191e-01	0.60
887	site_886	0.0017	9.67408e-01	0.57
888	site_887	0.0006	9.80775e-01	0.50
889	site_888	0.0000	1.00000e+00	0.40
890	site_889	4.4438	3.50284e-02	0.29
891	site_890	0.0002	9.89759e-01	0.49
892	site_891	1.9672	1.60750e-01	0.43
893	site_892	0.0000	9.97523e-01	0.53
894	site_893	0.0102	9.19388e-01	0.38
895	site_894	0.2244	6.35740e-01	0.23
896	site_895	0.9798	3.22242e-01	0.58
897	site_896	3.3537	6.70521e-02	0.34
898	site_897	7.9764	4.73915e-03	0.30
899	site_898	0.0660	7.97211e-01	0.58
900	site_899	0.0513	8.20755e-01	0.30
901	site_900	0.5026	4.78377e-01	0.22
902	site_901	2.5025	1.13662e-01	0.29
903	site_902	0.0286	8.65748e-01	0.36
904	site_903	0.7741	3.78941e-01	0.43
905	site_904	0.5899	4.42466e-01	0.53
906	site_905	0.0000	1.00000e+00	0.43
907	site_906	3.9311	4.74000e-02	0.25
908	site_907	0.4148	5.19546e-01	0.34
909	site_908	0.0282	8.66750e-01	0.89
910	site_909	0.0057	9.39713e-01	0.55
911	site_910	0.1525	6.96174e-01	0.46
912	site_911	1.7203	1.89656e-01	0.36
913	site_912	0.5765	4.47695e-01	0.58
914	site_913	0.1127	7.37043e-01	0.60
915	site_914	0.0931	7.60295e-01	0.41
916	site_915	0.0403	8.40914e-01	0.49
917	site_916	0.0142	9.05150e-01	0.45
918	site_917	0.1996	6.55048e-01	0.44
919	site_918	0.0000	1.00000e+00	0.54
920	site_919	0.0008	9.76824e-01	0.42
921	site_920	0.0150	9.02511e-01	0.36
922	site_921	0.0055	9.40872e-01	0.51
923	site_922	0.1033	7.47857e-01	0.39
924	site_923	0.1848	6.67246e-01	0.28
925	site_924	0.4898	4.83999e-01	0.72
926	site_925	0.1330	7.15320e-01	0.34
927	site_926	5.0277	2.49446e-02	0.33
928	site_927	3.3106	6.88361e-02	0.44
929	site_928	2.7681	9.61582e-02	0.33
930	site_929	2.0236	1.54870e-01	0.43
931	site_930	0.5850	4.44360e-01	0.22
932	site_931	0.5260	4.68279e-01	0.32
933	site_932	3.0792	7.92991e-02	0.34
934	site_933	1.0764	2.99499e-01	0.29
935	site_934	0.0615	8.04189e-01	0.31
936	site_935	0.0054	9.41600e-01	0.34
937	site_936	0.2248	6.35407e-01	0.40
938	site_937	0.6895	4.06335e-01	0.37
939	site_938	0.7578	3.84031e-01	0.38
940	site_939	0.3949	5.29757e-01	0.38
941	site_940	0.3016	5.82856e-01	0.51
942	site_941	0.2489	6.17842e-01	0.42
943	site_942	6.7475	9.38799e-03	0.22
944	site_943	7.4928	6.19454e-03	0.33
945	site_944	0.1272	7.21359e-01	0.32
946	site_945	0.0000	1.00000e+00	0.43
947	site_946	0.0001	9.92346e-01	0.45
948	site_947	0.1262	7.22395e-01	0.31
949	site_948	0.4738	4.91265e-01	0.27
950	site_949	1.8640	1.72163e-01	0.50
951	site_950	1.6648	1.96957e-01	0.45
952	site_951	0.0998	7.52050e-01	0.75
953	site_952	1.8967	1.68452e-01	0.39
954	site_953	0.0476	8.27239e-01	0.23
955	site_954	0.0811	7.75789e-01	0.45
956	site_955	1.9579	1.61741e-01	0.89
957	site_956	0.0442	8.33487e-01	0.34
958	site_957	0.0436	8.34639e-01	0.47
959	site_958	0.1611	6.88102e-01	0.53
960	site_959	0.0105	9.18224e-01	0.49
961	site_960	0.2619	6.08788e-01	0.53
962	site_961	0.0611	8.04795e-01	0.63
963	site_962	1.2163	2.70092e-01	0.50
964	site_963	0.0786	7.79136e-01	0.77
965	site_964	0.3224	5.70183e-01	0.31
966	site_965	0.0002	9.88514e-01	0.41
967	site_966	0.8505	3.56402e-01	0.26
968	site_967	0.5927	4.41366e-01	0.39
969	site_968	1.2030	2.72720e-01	0.40
970	site_969	5.0405	2.47619e-02	0.39
971	site_970	0.0156	9.00495e-01	0.49
972	site_971	0.7652	3.81700e-01	0.35
973	site_972	0.0045	9.46759e-01	0.32
974	site_973	1.2090	2.71528e-01	0.36
975	site_974	0.3787	5.38325e-01	0.26
976	site_975	0.0000	1.00000e+00	0.47
977	site_976	2.0812	1.49121e-01	0.38
978	site_977	0.0068	9.34382e-01	0.27
979	site_978	2.9144	8.77927e-02	0.42
980	site_979	4.4701	3.44927e-02	0.27
981	site_980	6.0669	1.37742e-02	0.30
982	site_981	0.0083	9.27539e-01	0.32
983	site_982	0.7697	3.80305e-01	0.33
984	site_983	1.4350	2.30957e-01	0.28
985	site_984	0.1964	6.57667e-01	0.36
986	site_985	0.5279	4.67474e-01	0.29
987	site_986	2