2.22573
0.80342
1.20991
-0.55278
-0.25317
-1.40011
-1.59868
1.01403
-0.75337
0.34434
0.27789
0.70616
-0.16987
1.06897
1.19252
-0.56198
-1.82646
-0.27415
-2.38947
0.75122
-0.12407
0.08207
-0.06515
0.01152
1.25929
-0.36033
0.32835
-2.49050
0.13259
-1.16696
2.11890
0.67945
-1.31735
0.78376
-2.83505
-0.91670
1.64620
-0.22728
-1.08299
-2.81362
-0.65914
-0.83120
-0.20958
1.48473
-0.34830
-0.97118
-0.15050
0.25775
1.09258
-0.61176
-1.93003
1.80515
-1.77532
-0.55497
-0.45351
-1.06561
-0.04719
-1.16839
-0.34521
-0.98251
0.57785
-0.52208
1.85719
-1.33563
1.41736
0.93079
1.30683
0.17771
-1.34412
-0.01819
-1.08660
-1.37920
-1.54552
-0.90923
1.47664
-2.31217
0.22843
1.06776
0.69603
-0.84507
0.98174
-0.28292
-0.03235
-0.48059
-2.07019
1.21203
-0.58351
-0.84456
0.12433
0.61039
2.45097
1.32147
-0.19547
1.63862
0.12031
-0.87558
0.69958
-0.13198
-0.53663
0.68487
-0.22988
0.02945
0.01921
-1.10283
1.06188
0.11117
-1.14893
-0.02491
0.37811
-0.97677
-0.08307
-3.56271
0.36359
-1.05072
1.31314
-0.93588
-1.37099
0.49337
1.33264
1.38970
0.35536
0.15929
-0.36514
0.45716
-0.41884
-0.07571
1.18084
1.94735
1.71401
-2.07618
-0.52831
-1.56319
0.45713
-0.33138
0.93187
0.96687
-1.33776
0.84265
-1.14590
-0.44284
-0.85883
-1.29301
-1.08252
0.65414
-1.40034
-0.78103
-0.20434
-2.22921
2.01050
-0.42524
-0.20295
-1.07513
1.61434
2.31380
2.08266
-1.19538
-0.55435
1.37100
-0.35627
0.44445
-0.43995
-1.35004
-1.82429
0.58501
-0.22754
0.64261
-0.86269
0.07765
-0.65490
-3.07212
1.04906
-0.96458
-0.87760
0.72872
-0.07671
-2.71796
0.28281
0.46823
-0.46387
0.54419
1.17749
0.19990
-1.38521
1.41597
-1.02207
1.75759
-1.24616
2.23004
1.64020
0.86111
-0.08621
0.92451
0.13605
0.64126
-3.15787
-1.64243
1.50265
-0.13055
1.01160
0.38663
